0
0
0.10536052
0
0
0.18232156
0.0800427
0
0.07410798
0.06899287
0
0.18232155
0
-0.05715841
0
0
0.05715841
0.05406723
0.14660347
0.12783337
0.11332867
0.0689929
0
-0.0339016000000001
0
0.1880523
0.0555698
0.0266682999999999
0.0759859000000001
0.0706175
0.0224728999999999
0.0645385000000001
-0.1100009
-0.0235304999999999
0.1541507
-0.0631789
0.0631789
0.1335314
0.0855222
0.0322608
0.1195452
0.106768
0.0250013
-0.0377404000000001
0.1650798
0.0631789
0.0202027
-0.1625189
0.1625189
0.0582688999999998
-0.0384662999999996
0.1372011
0.0661397999999997
-0.0661397999999997
0.150481
0.1687495
0.00619190000000014
-0.0124225
-0.1264139
0.0484524
-0.2610138
0.2405352
0.1765579
-0.0656952999999998
0.0941873000000002
0.0599634
0
0.0363677
0.1063804
-0.1859981
-0.1878617
-0.2484614
0.1650798
0.0900260999999998
0.1417755
0.1688209
0.0882242
-0.2343168
0.2027115
0.1567685
0.2207878
0.1405819
0.1999253
0.0774580999999999
-0.1565691
-0.1598164
0.1127197
0.0398063
-0.0551518999999998
0.1460176
0.0812412
0.0382726
0.0797386000000002
-0.0563001000000005
0.1199258
0.043558
0.0130295
-0.0669145999999996
0.1127724
0.0229192999999999
0.00602410000000031
0.0793493999999999
0.0592366999999996
0.0669865000000005
0.0866037999999998
0.0940865000000004
0.0202026999999996
0.0563802999999998
0.0452732999999998
-0.0368025999999997
0.0141176999999999
0.0923364000000007
0.0781905999999992
-0.0149415999999993
-0.0923039000000001
0.0879935999999999
0.0768810000000002
0.0629748000000001
0.0386788999999998
-0.0191525000000006
0.0218588000000004
-0.0738308000000005
0.0574817000000003
0.1059098
0.0187683999999999
0.0112541999999998
0.0368813000000001
0.0554450000000006
